0.00
0.00
0.00
0.00
0.00
0.00
0.00
0.00
0.00
0.00
0.00
0.00
0.00
0.00
0.00
0.00
0.00
0.00
0.00
0.00
0.00
0.00
0.00
0.00
0.00
0.00
0.00
0.00
0.00
0.00
0.00
0.00
0.00
0.00
0.00
0.00
0.00
0.00
0.00
0.00
0.00
0.00
0.00
0.00
0.00
0.00
0.00
0.00
0.00
0.00
0.00
0.00
0.00
0.00
00.00
0.00
0.00
0.00
@PIDA:ack;;
0.00
0.00
0.00
0.00
0.00
0.00
0.00
0.00
0.00
0.00
0.00
0.00
0.00
0.00
0.00
0.00
0.00
0.00
0.00
0.00
0.00
0.00
0.00
0.00
0.00
0.00
0.00
0.00
0.00
0.00
0.00
0.00
0.00
0.00
0.00
0.00
0.00
0.00
0.00
0.00
0.00
0.00
0.00
0.00
0.00
0.00
0.00
0.00
0.00
@MCTL:ack;;
0.00
3.82
3.82
6.37
6.71
9.20
10.73
10.73
11.42
11.74
10.46
8.30
8.68
8.68
12.13
13.97
8.64
8.64
8.43
8.43
9.56
10.34
9.88
8.31
6.50
6.77
10.37
7.99
5.81
5.81
7.28
8.84
7.84
8.47
8.47
8.21
7.65
7.65
7.57
8.31
8.41
8.41
8.88
8.88
9.25
9.25
9.11
9.05
9.02
9.01
9.28
8.51
8.51
8.23
8.69
8.31
8.31
8.69
8.86
8.57
8.53
8.53
8.52
8.35
8.35
8.74
8.74
8.88
8.95
8.95
8.43
9.01
9.28
8.85
8.66
8.57
8.26
8.12
8.05
8.02
8.55
9.07
8.76
8.76
8.89
8.68
9.08
9.08
9.04
7.94
8.25
8.25
8.72
8.72
8.87
8.40
8.73
8.88
8.40
8.63
8.83
8.83
8.92
8.97
8.74
8.88
8.88
8.18
8.18
9.10
9.10
8.50
8.77
8.35
8.35
8.87
8.87
8.39
8.35
8.35
8.98
9.26
7.32
8.24
8.24
9.07
7.12
@BRAK:ack;;
7.12
9.18
7.17
7.17
4.04
4.04
1.85
1.85
0.51
0.51
0.10
0.10
0.02
0.02
0.00
0.00
0.00
0.00
0.00
0.00
0.00
0.00
0.00
0.00
0.00
0.00
0.00
0.00
0.00
0.00
0.00
0.00
0.00
0.00
0.00
0.00
0.00
0.00
0.00
0.00
0.00
0.00
0.00
0.00
0.00
0.00
0.00
0.00
0.00
0.00
0.00
0.00
0.00
0.00
0.00
0.00
0.00
0.00
0.00
0.00
0.00
0.00
0.00
0.00
0.00
0.00
0.00
0.00
0.00
0.00
0.00
0.00
0.00
0.00
0.00
0.00
0.00
0.00
0.00
0.00
0.00
